3 0.508365 0.227759 0.275434 0.168757 0.930244
1 0.666977 0.786768 0.659095 0.165336 0.858248
4 0.450883 0.537509 0.033852 0.057760 0.756684
4 0.217583 0.616830 0.040785 0.061083 0.676373
4 0.524522 0.330382 0.023629 0.043990 0.617118
1 0.596270 0.347903 0.109330 0.023556 0.603906
0 0.530708 0.434634 0.028001 0.160625 0.581219
1 0.201325 0.217189 0.340497 0.046994 0.375553
1 0.264266 0.496027 0.527362 0.049794 0.373806
2 0.237635 0.654233 0.145547 0.199181 0.355061
2 0.322854 0.618223 0.316172 0.244813 0.352606