0 0.065205 0.854596 0.114439 0.134325 0.645605
0 0.303687 0.878127 0.088915 0.239702 0.582796
0 0.182248 0.848337 0.137214 0.278059 0.531651
0 0.273713 0.948587 0.027369 0.100672 0.444471
0 0.473184 0.877496 0.063773 0.243228 0.426268
0 0.486987 0.917985 0.035282 0.162771 0.407815
0 0.436437 0.714469 0.042631 0.086265 0.374880
0 0.452224 0.815657 0.026995 0.106182 0.363023
0 0.407393 0.637731 0.023017 0.057156 0.355182
0 0.325425 0.833552 0.048023 0.135124 0.351741
0 0.237885 0.787084 0.234431 0.415352 0.341780
0 0.331088 0.751080 0.025180 0.052897 0.319063
0 0.329288 0.656587 0.060406 0.221398 0.303323