2 0.841766 0.368798 0.313998 0.226665 0.568892
1 0.687154 0.500185 0.327541 0.066840 0.560195
1 0.330599 0.516298 0.171897 0.047024 0.424765
3 0.853987 0.464108 0.294990 0.397856 0.414829
3 0.207816 0.384029 0.410812 0.347594 0.394575
1 0.961516 0.513670 0.076385 0.027375 0.385257
1 0.548226 0.502624 0.592893 0.077487 0.375607
1 0.330138 0.661488 0.142183 0.035418 0.351068
1 0.685372 0.324464 0.098935 0.031725 0.315582
1 0.684422 0.327388 0.100511 0.037337 0.312420
3 0.617056 0.730211 0.414687 0.479018 0.303594