0 0.281862 0.928079 0.073092 0.127785 0.778575
0 0.182276 0.888043 0.114056 0.211285 0.671046
0 0.309215 0.783746 0.103100 0.175711 0.658509
0 0.406617 0.831207 0.032483 0.228579 0.564907
1 0.215473 0.737852 0.073447 0.027303 0.423630
0 0.370077 0.614877 0.051371 0.075175 0.402797
0 0.431777 0.690125 0.021163 0.106624 0.392554
0 0.313159 0.591730 0.049686 0.058336 0.390487
1 0.386567 0.640659 0.075934 0.023811 0.389262
0 0.374265 0.675652 0.059148 0.060318 0.368815
0 0.221515 0.813743 0.039260 0.067055 0.363269
0 0.188091 0.723054 0.069099 0.079105 0.350226
0 0.246018 0.659315 0.054614 0.050687 0.341189
1 0.259409 0.679843 0.073507 0.022679 0.322746
0 0.165629 0.745152 0.024379 0.037701 0.317489
0 0.255153 0.654888 0.066516 0.058669 0.315558
1 0.327717 0.693612 0.060505 0.025809 0.310725