1 0.603157 0.427453 0.226943 0.038446 0.490362
1 0.923737 0.421766 0.150244 0.035471 0.458549
3 0.195386 0.435695 0.387982 0.387394 0.405103
1 0.764448 0.558367 0.150732 0.040116 0.378711
1 0.435198 0.659982 0.270356 0.056400 0.364900
1 0.513596 0.365448 0.229606 0.034648 0.363532
1 0.601796 0.504667 0.232550 0.040874 0.355630
0 0.831720 0.844580 0.064638 0.154192 0.346645
1 0.532719 0.507855 0.375280 0.052218 0.333428
3 0.180907 0.446438 0.360254 0.375244 0.302824
0 0.342827 0.504739 0.121635 0.312727 0.302159