2 0.822523 0.501853 0.356644 0.555816 0.636880
1 0.507371 0.506662 0.293974 0.047943 0.626357
1 0.440387 0.649273 0.150511 0.050708 0.610002
2 0.221295 0.559477 0.434913 0.539540 0.592315
3 0.222614 0.395930 0.443276 0.345037 0.401481
1 0.249272 0.767101 0.144401 0.052990 0.392198
3 0.822523 0.501853 0.356644 0.555816 0.360958
1 0.727763 0.818555 0.192158 0.056893 0.334998
1 0.488340 0.318690 0.131256 0.029430 0.327719
0 0.391720 0.355641 0.104585 0.135192 0.313182
1 0.942743 0.584832 0.114560 0.037861 0.303263