1 0.109228 0.888176 0.217272 0.046596 0.788510
1 0.199688 0.693192 0.185014 0.036428 0.706528
1 0.270564 0.591796 0.117794 0.032667 0.617773
2 0.490668 0.801780 0.161471 0.159283 0.549642
1 0.349405 0.731768 0.134464 0.026922 0.533155
1 0.742523 0.740631 0.147113 0.033580 0.407204
1 0.508343 0.679408 0.168434 0.028414 0.383668
1 0.742317 0.685913 0.154081 0.027984 0.383457
1 0.360489 0.668983 0.119205 0.027120 0.366345
2 0.627280 0.660651 0.135333 0.072630 0.363336
1 0.514452 0.761734 0.121141 0.025773 0.314029
1 0.554416 0.841213 0.120780 0.031301 0.313936