0 0.379137 0.894131 0.017405 0.124163 0.699534
0 0.273449 0.698302 0.037887 0.060231 0.577546
0 0.414305 0.747681 0.018353 0.132354 0.482086
4 0.453005 0.946656 0.031328 0.043217 0.471483
0 0.488674 0.892540 0.021828 0.069946 0.426377
1 0.248528 0.817449 0.493213 0.035054 0.401173
0 0.414606 0.662977 0.018290 0.036437 0.392905
1 0.193526 0.815781 0.385296 0.027971 0.376328
0 0.139751 0.887059 0.072277 0.118261 0.373646
0 0.411783 0.588296 0.014442 0.043631 0.363840
0 0.431353 0.652442 0.020909 0.062256 0.320297