0 0.481399 0.742220 0.093640 0.105345 0.636564
0 0.494261 0.900069 0.060713 0.189914 0.528216
0 0.405045 0.688497 0.018702 0.091333 0.513687
0 0.124637 0.837384 0.046955 0.071346 0.443483
0 0.438127 0.964100 0.018287 0.071142 0.416739
0 0.345115 0.589984 0.018243 0.042079 0.365509
0 0.179693 0.667955 0.033661 0.042339 0.360555
2 0.446847 0.897461 0.158654 0.203271 0.344481
0 0.046275 0.783035 0.089050 0.079223 0.332993
0 0.407234 0.839652 0.063598 0.122690 0.320972
0 0.399135 0.552195 0.017687 0.047709 0.312473