1 0.665325 0.594325 0.153697 0.049137 0.499426
0 0.424383 0.305164 0.051655 0.082645 0.457192
0 0.822098 0.665079 0.062420 0.118002 0.441696
0 0.177227 0.533693 0.100940 0.100320 0.409304
1 0.659884 0.362761 0.407756 0.088621 0.367415
0 0.144899 0.576984 0.168190 0.188773 0.363552
1 0.699364 0.374435 0.321777 0.057791 0.346914
1 0.499704 0.334330 0.115216 0.033806 0.342224
1 0.573006 0.357007 0.241868 0.077051 0.331855
2 0.376991 0.259889 0.159713 0.211184 0.329936
1 0.471726 0.192690 0.135312 0.028705 0.309227