0 0.314836 0.931103 0.026428 0.135131 0.674405
0 0.141250 0.918703 0.141320 0.158787 0.583476
0 0.298589 0.769079 0.051759 0.196831 0.511063
0 0.521162 0.910946 0.051279 0.176719 0.507010
0 0.412895 0.869316 0.037738 0.260469 0.476403
1 0.236006 0.680137 0.081064 0.018441 0.471937
0 0.365540 0.629384 0.015843 0.056761 0.424431
0 0.438111 0.721383 0.029041 0.083777 0.406421
0 0.262938 0.827337 0.016034 0.054163 0.396190
0 0.230888 0.758168 0.088864 0.157110 0.355725
0 0.408198 0.709394 0.027838 0.099696 0.327756
0 0.167123 0.705372 0.040563 0.039383 0.327509
0 0.498236 0.850906 0.094371 0.298963 0.322651
0 0.020112 0.813430 0.038402 0.056527 0.318029