4 0.649460 0.805649 0.229341 0.093120 0.706948
4 0.359820 0.717462 0.167493 0.065803 0.670719
4 0.687044 0.730221 0.069555 0.040212 0.612284
4 0.584861 0.677691 0.137937 0.046562 0.551913
2 0.663072 0.851909 0.665726 0.231413 0.401765
4 0.787705 0.695079 0.172960 0.065527 0.372030
4 0.937095 0.751698 0.123154 0.060072 0.336971
4 0.913281 0.739607 0.077154 0.035825 0.316175
2 0.706611 0.845416 0.570491 0.247562 0.313134
2 0.556520 0.841805 0.878055 0.263176 0.311866
4 0.820992 0.708697 0.103678 0.041768 0.309868