0 0.056110 0.917254 0.108613 0.161187 0.805328
0 0.208646 0.972444 0.053238 0.049790 0.436408
0 0.027164 0.776515 0.051645 0.056657 0.432720
0 0.345869 0.961396 0.038831 0.075997 0.412632
0 0.547802 0.876946 0.109238 0.240274 0.391296
0 0.241750 0.891080 0.112121 0.125384 0.378606
0 0.354163 0.742695 0.045489 0.199252 0.348478
0 0.066627 0.738060 0.131614 0.122838 0.343941
0 0.291809 0.805886 0.026214 0.067088 0.335465
0 0.565925 0.913422 0.073658 0.167619 0.308813
0 0.246222 0.861656 0.119413 0.179161 0.308326