0 0.099537 0.856414 0.195059 0.225342 0.742144
0 0.356891 0.786389 0.033088 0.072464 0.557869
1 0.083563 0.945397 0.154917 0.051679 0.496682
0 0.230699 0.828023 0.176116 0.333291 0.482973
0 0.428463 0.742562 0.039066 0.148966 0.467537
0 0.376721 0.873994 0.031300 0.116508 0.411868
0 0.388161 0.642046 0.016103 0.039212 0.407278
0 0.243738 0.802517 0.152893 0.279914 0.391429
0 0.412016 0.964459 0.022905 0.070051 0.389472
0 0.512750 0.885576 0.072131 0.222496 0.381957
1 0.409812 0.816272 0.087272 0.027249 0.381553
1 0.264088 0.947566 0.538521 0.072850 0.353786
0 0.387061 0.890563 0.019997 0.084655 0.325178
0 0.156583 0.962697 0.039092 0.071527 0.325018
1 0.311016 0.649222 0.133501 0.036852 0.319710
0 0.490650 0.843463 0.031994 0.151550 0.319428
0 0.250949 0.682360 0.032866 0.038399 0.304028
0 0.446879 0.682949 0.018893 0.082943 0.301501