1 0.134208 0.866352 0.261950 0.110008 0.537989
0 0.706909 0.931891 0.090678 0.076071 0.513383
0 0.134208 0.866352 0.261950 0.110008 0.495891
1 0.706909 0.931891 0.090678 0.076071 0.469312
0 0.781654 0.972979 0.065271 0.052967 0.455018
0 0.056935 0.655087 0.112131 0.086904 0.412099
1 0.781654 0.972979 0.065271 0.052967 0.374892
1 0.575033 0.686077 0.120108 0.041806 0.368637
1 0.055774 0.754211 0.112623 0.043128 0.361847
0 0.593948 0.877946 0.089390 0.124597 0.321892
0 0.596948 0.886461 0.077441 0.105391 0.306976