0 0.475509 0.951183 0.018800 0.096742 0.727725
0 0.427802 0.803418 0.017497 0.093922 0.509177
0 0.427861 0.909146 0.012889 0.042795 0.441136
0 0.431963 0.715331 0.041095 0.104008 0.408409
0 0.501955 0.772897 0.021576 0.063180 0.399545
0 0.422308 0.691360 0.021961 0.057725 0.382696
0 0.194715 0.885009 0.051315 0.092994 0.330168
0 0.363053 0.747477 0.021277 0.022644 0.327838
0 0.435161 0.624545 0.017671 0.029540 0.316102
0 0.092890 0.777321 0.177194 0.191262 0.314809
1 0.373034 0.644245 0.069924 0.017029 0.302567