0 0.430812 0.689278 0.030171 0.147357 0.607794
0 0.110418 0.829494 0.204242 0.176472 0.511369
0 0.290248 0.710197 0.094728 0.158412 0.506780
0 0.544876 0.894754 0.077244 0.210500 0.497623
0 0.430753 0.861763 0.027319 0.065824 0.491861
0 0.503110 0.909931 0.039444 0.179167 0.488478
0 0.331045 0.828080 0.106915 0.341488 0.474077
0 0.307384 0.913532 0.054892 0.173667 0.426354
0 0.350534 0.742732 0.076522 0.175752 0.424603
0 0.239995 0.674476 0.148016 0.141152 0.399078
0 0.360308 0.733118 0.092686 0.193151 0.360079
1 0.207211 0.819856 0.158307 0.029653 0.355579
1 0.403420 0.808328 0.127865 0.055253 0.349187
0 0.497479 0.894422 0.052358 0.210770 0.348701
0 0.372538 0.612117 0.035046 0.076569 0.338357
0 0.174852 0.780720 0.113163 0.075900 0.311922
1 0.422701 0.798433 0.166335 0.068336 0.308119