1 0.596395 0.590206 0.155689 0.031260 0.614576
1 0.721559 0.793120 0.230593 0.050154 0.604887
1 0.661959 0.694856 0.167472 0.032276 0.562047
1 0.689489 0.653000 0.234715 0.038739 0.459374
2 0.828640 0.942128 0.272158 0.097662 0.435013
1 0.710528 0.654767 0.195502 0.033647 0.384998
1 0.959132 0.674674 0.080753 0.027829 0.364870
1 0.163494 0.668960 0.155032 0.042501 0.354481
1 0.953892 0.859169 0.092434 0.027186 0.343609
1 0.828640 0.942128 0.272158 0.097662 0.333226
1 0.814076 0.595928 0.112762 0.024362 0.328930